time flux flux_err airmass flux_cor_med flux_cor_sd planets_x_med planets_x_sd
2339.6112600001507 -0.24000000000001798 -997.9780000000001 3.4939408279151674 0.018122886004978175 3.786178170651361 0.0 0.0
2339.6117790001445 2.1139999999999493 -997.9879999999999 3.461058800856573 0.017767981368687347 3.754897762043022 0.0 0.0
2339.6123139997944 1.9009999999999305 -997.999 3.427502309541651 0.018430171000560047 3.723012470921529 0.0 0.0
2339.6128340000287 -5.148000000000041 -998.02 3.395347794489885 0.01564772604013731 3.692495027156836 0.0 0.0
2339.613359999843 1.5419999999999323 -998.0219999999999 3.3629431971857726 0.015562575185876393 3.661776472401732 0.0 0.0
2339.6138760000467 -4.654000000000047 -998.045 3.3312433771382737 0.01210886451419474 3.6317621101755564 0.0 0.0
2339.614401999861 3.43899999999997 -998.019 3.299346522588925 0.007425346086144535 3.601598120984315 0.0 0.0
2339.6149140000343 -1.6119999999999468 -998.034 3.2685864055502467 0.007799811256954843 3.572545078946532 0.0 0.0
2339.6154240001924 -0.8939999999999504 -998.048 3.23804605776363 0.009681224231443339 3.54373541287901 0.0 0.0
2339.61593300011 -4.157999999999995 -998.067 3.2077557922293596 0.006704935919932986 3.5151977611093597 0.0 0.0
2339.616454999894 -0.001999999999946489 -998.058 3.1770259881909633 0.004688074632414496 3.4862836537846027 0.0 0.0
2339.616977999918 1.4289999999999026 -998.0649999999999 3.146500796904489 0.008429315929312009 3.457600549067043 0.0 0.0
2339.6175219998695 1.2049999999999006 -998.0759999999999 3.1147100378561374 0.010633943588961303 3.427770058001266 0.0 0.0
2339.6180320000276 4.126999999999992 -998.064 3.0853215840803307 0.009182245263340993 3.4002326471211037 0.0 0.0
2339.6185530000366 2.0340000000000913 -998.0649999999999 3.0557133610524607 0.012781840523615362 3.372528060135067 0.0 0.0
2339.6190659999847 -2.1609999999999685 -998.082 3.0263476420268685 0.01214354547265506 3.3450897538606195 0.0 0.0
2339.619589000009 1.3959999999999528 -998.067 2.9970198142516304 0.010325259949888643 3.3177269555318345 0.0 0.0
2339.6201169998385 -1.2360000000000149 -998.084 2.9674343259739735 0.014669117594691972 3.290165384560746 0.0 0.0
2339.620643999893 -1.0299999999999754 -998.0830000000001 2.9383111109506572 0.013174555966568857 3.2630763207462588 0.0 0.0
2339.6211649999022 1.3959999999999528 -998.077 2.909415243429473 0.014063704415198691 3.2362408014814115 0.0 0.0
2339.6216830001213 -5.726000000000009 -998.0909999999999 2.8811407924141217 0.013158472830294726 3.210023972288235 0.0 0.0
2339.6227679997683 -11.600999999999972 -998.109 2.8223638848625074 0.013721508338595645 3.155660550442747 0.0 0.0
2339.6232799999416 3.633999999999915 -998.064 2.7951200758568278 0.01155773801576454 3.130526889150209 0.0 0.0
2339.6238110000268 8.65999999999989 -998.06 2.76687593784176 0.011757434879841003 3.1045149384323003 0.0 0.0
2339.6243380000815 4.266000000000103 -998.0790000000001 2.7392153250821694 0.009489270684958112 3.0790854564137864 0.0 0.0
2339.624847999774 -5.217000000000027 -998.104 2.7125247283316813 0.007276720504856726 3.0545910709229513 0.0 0.0
2339.6253590001725 0.2249999999999197 -998.09 2.6857128795800556 0.005245318174362024 3.030029303763001 0.0 0.0
2339.625886000227 1.39099999999992 -998.086 2.658719152826724 0.0033724599095665275 3.0053464537927703 0.0 0.0
2339.6269410001114 1.3879999999999448 -998.09 2.6048832643214817 0.007957667070072887 2.9562602999660452 0.0 0.0
2339.6274549998343 -3.5610000000000364 -998.097 2.5789808055783894 0.0070441074072040075 2.932712239967856 0.0 0.0
2339.6279830001295 -0.4189999999999472 -998.096 2.5525099780799647 0.007545634143212715 2.9086954116817187 0.0 0.0
2339.629015999846 -4.7880000000000145 -998.101 2.5013037423494016 0.005855055222315997 2.8623783430150733 0.0 0.0
2339.6295289997943 2.98200000000004 -998.0830000000001 2.4761287956131377 0.005696935052457164 2.839678021082607 0.0 0.0
2339.6305729998276 2.7079999999999327 -998.09 2.4254606156376237 0.006238143676090269 2.7941379258924206 0.0 0.0
2339.6310990001075 4.4599999999999085 -998.087 2.4003311384017865 0.0066727811112032576 2.7716273116076637 0.0 0.0
2339.631616999861 -0.8380000000000054 -998.094 2.3757169821707866 0.008605738510514355 2.7496284544292795 0.0 0.0
2339.6321279997937 0.032999999999949736 -998.097 2.3514893166934123 0.006486509895475223 2.7280246551686322 0.0 0.0
2339.6326359999366 -0.23099999999998122 -998.09 2.3277769722208754 0.0037910592845279423 2.7069291869377126 0.0 0.0
2339.6331489998847 4.007000000000094 -998.0830000000001 2.3037160282450673 0.0034929529945598586 2.68557413274325 0.0 0.0
2339.633661999833 -7.11700000000004 -998.119 2.2801400922738098 0.008403535052972207 2.664700098332198 0.0 0.0
2339.6341869998723 -1.619000000000037 -998.0949999999999 2.2560412570476456 0.007814159333714654 2.643416051872237 0.0 0.0
2339.635230000131 4.2999999999999705 -998.094 2.2084422683509355 0.0075284793192573335 2.601539114790741 0.0 0.0
2339.6357700000517 1.9659999999999123 -998.093 2.1842752288741303 0.006899941589467273 2.580362515788386 0.0 0.0
2339.6362970001064 -3.9449999999999763 -998.108 2.160729605903158 0.0073520879296338215 2.5597874488182364 0.0 0.0
2339.636816999875 -2.5249999999999995 -998.106 2.137699303937022 0.007728832557259119 2.539718447710899 0.0 0.0
2339.6373519999906 -0.8709999999999551 -998.104 2.1141915722164053 0.0011701037333227068 2.51929165293415 0.0 0.0
2339.6378700002097 -0.8380000000000054 -998.108 2.0914795567532565 9.6027268341084e-05 2.499613523203932 0.0 0.0
2339.6383910002187 5.733999999999906 -998.094 2.0690934060431645 0.0009148977181137399 2.4802740939049053 0.0 0.0
2339.63893500017 -6.036999999999959 -998.124 2.045608409072761 -0.0017080057743065202 2.460046963344021 0.0 0.0
2339.639448000118 -1.503000000000032 -998.119 2.0235557013657997 -0.005533123332513823 2.4411122260188862 0.0 0.0
2339.639969000127 -2.917999999999976 -998.119 2.0015257284090517 -0.00453934404434736 2.422255226432218 0.0 0.0
2339.640503999777 -2.1600000000000508 -998.1170000000001 1.979010747447751 -0.0036324855308534007 2.40304462372653 0.0 0.0
2339.641024999786 -2.2569999999999535 -998.119 1.9571323394924245 0.0005113255073025402 2.38443819063126 0.0 0.0
2339.6415470000356 0.27200000000005 -998.113 1.9353979182884509 0.0003116821367081801 2.3660151811185592 0.0 0.0
2339.6420599999838 2.931000000000017 -998.105 1.9143985873413742 0.0008630153752281489 2.348274332223169 0.0 0.0
2339.6425899998285 4.8159999999999314 -998.0989999999999 1.8926641661374006 0.0004594747988883041 2.32997502151828 0.0 0.0
2339.643104999792 -0.9730000000000016 -998.109 1.8716724134403946 0.0012477766684648728 2.3123628182881215 0.0 0.0
2339.6436270000413 -0.06899999999998574 -998.109 1.8507033954936034 -0.000755530067667709 2.2948317459996295 0.0 0.0
2339.644148999825 -3.41899999999995 -998.119 1.829870786048093 0.0006179671013867849 2.2774775521601867 0.0 0.0
2339.644687999971 -3.553999999999946 -998.1229999999999 1.8084773860973187 0.00045568325372993823 2.2597229024582077 0.0 0.0
2339.6452029999346 1.55100000000008 -998.113 1.7880994716560752 -0.0005985118314555393 2.24287532219225 0.0 0.0
2339.645725000184 -5.828999999999973 -998.128 1.7675927269636214 -3.6309712593829424e-05 2.2259860340327866 0.0 0.0
2339.6462509999983 1.9480000000000608 -998.116 1.7470935605212397 -0.0016491125274455953 2.209169445690416 0.0 0.0
2339.646767000202 4.5999999999999375 -998.103 1.7270263543329119 -0.003071537209192836 2.192773049193886 0.0 0.0
2339.647288999986 -0.07199999999996098 -998.113 1.7071258696461482 -0.0038819340810107295 2.1765786573873243 0.0 0.0
2339.6478149998 11.155000000000026 -998.087 1.6870510852077483 -0.004280756201521546 2.1603102965861334 0.0 0.0
2339.6483289999887 -2.889999999999948 -998.124 1.667574982524968 -0.005102952799681648 2.1445937113483753 0.0 0.0
2339.6488720001653 1.3730000000000686 -998.113 1.6472501158342212 -0.005497109962870256 2.1282637427256073 0.0 0.0
2339.649391999934 4.2919999999999625 -998.107 1.6278952651525789 -0.0059802803542593486 2.1127825790230226 0.0 0.0
2339.6499160001986 -3.326999999999969 -998.125 1.6085479927210071 -0.008175152441498135 2.0973767113579833 0.0 0.0
2339.6504350001924 1.6490000000000116 -998.113 1.589337128790716 -0.010544997945495474 2.0821494707339014 0.0 0.0
2339.650954000186 3.7529999999998953 -998.109 1.5705127556140523 -0.011135305046122923 2.0672977346172985 0.0 0.0
2339.6514790002257 -8.090000000000042 -998.145 1.5514458784351126 -0.011183180499667766 2.052325987043562 0.0 0.0
2339.6520010000095 -2.7399999999999647 -998.134 1.5326366617585898 -0.014254372751596467 2.0376284203581347 0.0 0.0
2339.6525170002133 -3.669999999999951 -998.134 1.5141154185847714 -0.016087738221303216 2.02322713639525 0.0 0.0
2339.6530510000885 1.3099999999999223 -998.115 1.4953289366584617 -0.016953230782545514 2.0086934199031647 0.0 0.0
2339.6535740001127 3.8800000000001056 -998.1170000000001 1.4769365237358518 -0.016688044746638445 1.9945381287621313 0.0 0.0
2339.6540959998965 -5.50700000000004 -998.135 1.4585365325631696 -0.016467547854950075 1.9804514067145067 0.0 0.0
2339.654618000146 -7.898999999999989 -998.144 1.4405306103941868 -0.017316243595612513 1.9667399572861033 0.0 0.0
2339.6551459999755 -3.6969999999999503 -998.1370000000001 1.422282184222928 -0.02044510923426357 1.9529196850517923 0.0 0.0
2339.6556589999236 2.866000000000035 -998.1139999999999 1.4046779093077137 -0.021841079888811787 1.9396611316832946 0.0 0.0
2339.656179000158 2.4120000000000807 -998.1139999999999 1.386952382391363 -0.02192087909216714 1.9263860945817914 0.0 0.0
2339.6567009999417 -0.5460000000000464 -998.1229999999999 1.3695754549782821 -0.022556970989669925 1.913446527679557 0.0 0.0
2339.6572170001455 -0.048000000000048004 -998.121 1.3521985275652029 -0.02446556124203876 1.9005821328472348 0.0 0.0
2339.6582490000874 1.2289999999999246 -998.1229999999999 1.3179221024935228 -0.025888449051792592 1.8754331693628026 0.0 0.0
2339.6587669998407 -1.7740000000000533 -998.134 1.3010226048349236 -0.024224883657237423 1.863147401295701 0.0 0.0
2339.6592990001664 2.0899999999999253 -998.1229999999999 1.2837745076730513 -0.023155953829737452 1.8506876279918396 0.0 0.0
2339.659818999935 -2.4840000000000417 -998.135 1.2668901665145949 -0.02394212190408307 1.8385698985780041 0.0 0.0
2339.66035000002 1.2959999999999638 -998.124 1.2497860561040754 -0.023481443607790947 1.8263760178341606 0.0 0.0
2339.6608759998344 1.6700000000000603 -998.124 1.233038123446898 -0.02551002214191339 1.814517205272362 0.0 0.0
2339.661400999874 0.4949999999999122 -998.126 1.2165175382918538 -0.024585705090452437 1.802899588731128 0.0 0.0
2339.6619199998677 0.5729999999999347 -998.126 1.2001333616380907 -0.024081886197611535 1.7914581156222642 0.0 0.0
2339.6624409998767 4.9120000000000275 -998.108 1.1838552804853226 -0.02552114758037205 1.7801713693136314 0.0 0.0
2339.66295300005 -6.133000000000055 -998.1370000000001 1.1681683028381025 -0.022131929731238675 1.7693719687062779 0.0 0.0
2339.6634760000743 -5.113000000000034 -998.129 1.1520266301866153 -0.021805537318011353 1.7583404351126026 0.0 0.0
2339.663995999843 -4.381999999999997 -998.131 1.136218400538257 -0.02082725348435077 1.747617788261321 0.0 0.0
2339.664514000062 2.1489999999999565 -998.116 1.120425327390041 -0.020385403112126943 1.7369869590260556 0.0 0.0
2339.665027999785 0.6559999999999899 -998.12 1.104965697244956 -0.02173462596944234 1.726660964390195 0.0 0.0
2339.665597999934 2.2320000000000118 -998.121 1.0880586213362846 -0.02079161578016102 1.7154609230804985 0.0 0.0
2339.6661100001074 -2.3980000000000112 -998.127 1.0728111821931903 -0.02336112030814541 1.7054449370102216 0.0 0.0
2339.6666410001926 -0.6979999999999764 -998.127 1.0572454565471079 -0.023768583809041066 1.6953041972737604 0.0 0.0
2339.6671919999644 -1.0299999999999754 -998.131 1.041141675145975 -0.02390474819831162 1.6849042191504167 0.0 0.0
2339.667708000168 0.6109999999999172 -998.13 1.026242835506152 -0.02089803855251665 1.6753665725081277 0.0 0.0
2339.6682239999063 2.626999999999935 -998.124 1.0113439958663273 -0.02313400395171955 1.6659112501603301 0.0 0.0
2339.6687449999154 -2.493999999999996 -998.136 0.9965057822270734 -0.02303681781498962 1.6565776248494555 0.0 0.0
2339.6692650001496 -0.6300000000000194 -998.128 0.9817206163383163 -0.02401302223309021 1.6473613794893929 0.0 0.0
2339.6697769998573 -2.1700000000000053 -998.133 0.9672385804524044 -0.025574957992103464 1.63841675240077 0.0 0.0
2339.6702979998663 3.1520000000000437 -998.125 0.9526428708154265 -0.02699558581207029 1.6294860660428463 0.0 0.0
2339.6708260001615 -0.21400000000004749 -998.129 0.9381608349295146 -0.02644415184548507 1.6207098007646685 0.0 0.0
2339.671335000079 1.0390000000000121 -998.121 0.923959194296233 -0.027770882776944367 1.6121868900139724 0.0 0.0
2339.671856999863 -3.954000000000013 -998.135 0.9097878666632366 -0.028588279761746382 1.6037658440480578 0.0 0.0
2339.6723819999024 5.783000000000094 -998.112 0.8955180217793172 -0.030078218861536277 1.5953720545798455 0.0 0.0
2339.6729219998233 0.05699999999997374 -998.1320000000001 0.8810587206436185 -0.03180225307912765 1.5869560376741365 0.0 0.0
2339.6734420000575 -1.794999999999991 -998.1370000000001 0.867107162262685 -0.03191592227533287 1.5789220190116502 0.0 0.0
2339.6739630000666 -4.055000000000031 -998.1419999999999 0.8532541211326765 -0.031960909849902186 1.571030058002844 0.0 0.0
2339.6744769997895 2.942 -998.127 0.839711788255582 -0.031735763562517394 1.5633985281763318 0.0 0.0
2339.6749999998137 -1.2680000000000469 -998.134 0.826086094627707 -0.03297467483800984 1.5558044990677777 0.0 0.0
2339.6755420002155 -2.3090000000000055 -998.14 0.8119829712453519 -0.0320734640221208 1.5480349510971427 0.0 0.0
2339.676233999897 4.685999999999968 -998.115 0.7942043965785026 -0.03142792271906311 1.5383739686720563 0.0 0.0
2339.676814999897 -2.0959999999999868 -998.133 0.7794040741896029 -0.030968761794846256 1.5304467547144276 0.0 0.0
2339.6776209999807 4.067000000000043 -998.12 0.7590337379984298 -0.029798467953667557 1.5197107966849737 0.0 0.0
2339.678141000215 0.6530000000000147 -998.129 0.7460067261261728 -0.03087897505325668 1.5129528749085683 0.0 0.0
2339.6786580001935 -3.194999999999948 -998.1379999999999 0.7330706532547703 -0.027296333758612623 1.5063266928559282 0.0 0.0
2339.6791799999774 -0.9449999999999736 -998.1370000000001 0.7203998191358553 -0.026975646878861392 1.49991914449864 0.0 0.0
2339.679705000017 -3.650000000000042 -998.1419999999999 0.7074789027645954 -0.025683539971895042 1.493470587269543 0.0 0.0
2339.680252000224 2.3940000000000072 -998.125 0.694118447889208 -0.02623412101789943 1.486894595857942 0.0 0.0
2339.680772999767 -1.8500000000000183 -998.139 0.6815764440215032 -0.025359708506416168 1.480807596652602 0.0 0.0
2339.6812909999862 2.1929999999998895 -998.128 0.6693072571563582 -0.02612496196471148 1.47493474523395 0.0 0.0
2339.681818000041 -0.6249999999999867 -998.139 0.6567804097887961 -0.02584869123663258 1.4690229824733252 0.0 0.0
2339.6823269999586 0.8870000000000822 -998.129 0.6447764616761404 -0.026219360596690958 1.4634389728849873 0.0 0.0
2339.6828510002233 -2.0930000000000115 -998.1419999999999 0.6325148530610677 -0.02618487211601496 1.4578178917654097 0.0 0.0
2339.683373000007 -3.202000000000038 -998.144 0.6204427006977725 -0.029448980646426065 1.4523663376340337 0.0 0.0
2339.683896999806 -3.986999999999963 -998.144 0.6083857048346183 -0.028832033528950862 1.4470044343883903 0.0 0.0
2339.6844250001013 4.0119999999999045 -998.122 0.5964044914721758 -0.030262028670792057 1.4417591216154666 0.0 0.0
2339.6849429998547 5.516999999999994 -998.115 0.5846127343615126 -0.030624738835627757 1.4366783109150696 0.0 0.0
2339.6854670001194 -1.919000000000004 -998.1379999999999 0.5727451947501376 -0.028970706873335125 1.4316474142674074 0.0 0.0
2339.685978999827 -4.137999999999975 -998.143 0.5613778196434559 -0.02662578380365116 1.4269070247273403 0.0 0.0
2339.686610000208 -0.8869999999999711 -998.1139999999999 0.5475020437632325 -0.02711428604131036 1.4212257955895544 0.0 0.0
2339.687146999873 0.09199999999998099 -998.133 0.5355966129015017 -0.027128037477187922 1.4164444757578423 0.0 0.0
2339.6876670001075 -0.9770000000000056 -998.119 0.524274707295248 -0.02769853521897686 1.411978183676732 0.0 0.0
2339.6881929999217 -3.237999999999963 -998.1419999999999 0.5130513189399176 -0.028029540214803805 1.4076291332991926 0.0 0.0
2339.688713000156 0.8550000000000502 -998.1320000000001 0.5019037130852988 -0.027844889880469265 1.403387414551472 0.0 0.0
2339.689228999894 1.7300000000000093 -998.13 0.49084704623153436 -0.026692977364865367 1.399257749950348 0.0 0.0
2339.689739999827 -1.7740000000000533 -998.145 0.4800328833800444 -0.02880998916054353 1.3952939352653644 0.0 0.0
2339.6902640000917 2.4820000000000952 -998.131 0.4691353597777722 -0.028212746703100283 1.3913755186618986 0.0 0.0
2339.6907810000703 -1.2320000000000109 -998.1370000000001 0.45846518367763517 -0.028442890922548786 1.3876133445212004 0.0 0.0
2339.691302999854 -1.9660000000000233 -998.14 0.4476964903265715 -0.028249531816502887 1.3838917841084697 0.0 0.0
2339.691831999924 3.9839999999999876 -998.125 0.4367459189738025 -0.028976772947889598 1.3801856222700115 0.0 0.0
2339.692360000219 0.04300000000001525 -998.1320000000001 0.4261894166247313 -0.029480010002972935 1.3766881246070373 0.0 0.0
2339.692882999778 5.822999999999912 -998.121 0.4155647100250189 -0.025732649523523672 1.3732432406268256 0.0 0.0
2339.6934079998173 2.1700000000000053 -998.134 0.40518250742758427 -0.026824850014295396 1.3699504182316264 0.0 0.0
2339.693922000006 -0.35399999999996545 -998.141 0.39502765233228143 -0.026157316412599985 1.3668004284923865 0.0 0.0
2339.694445999805 -3.5929999999999573 -998.148 0.3846757627351305 -0.027478340258989015 1.363661818360142 0.0 0.0
2339.6949570002034 1.1229999999999851 -998.1379999999999 0.3746952073914642 -0.025460090754490267 1.360705568730304 0.0 0.0
2339.6954800002277 -0.8179999999999854 -998.141 0.3646312912970157 -0.024112902757856727 1.3577944487906422 0.0 0.0
2339.6960040000267 4.0160000000000196 -998.125 0.3545294839522114 -0.02328690889448584 1.3549433301063603 0.0 0.0
2339.696510999929 -1.3859999999999983 -998.139 0.3449202628620298 -0.02204115215831355 1.352297627874423 0.0 0.0
2339.69704800006 -2.1170000000000355 -998.141 0.33483361201736817 -0.02103782901545878 1.3495905330652411 0.0 0.0
2339.697569000069 0.9360000000000479 -998.1320000000001 0.32511071717612067 -0.019814405173904218 1.3470493837704738 0.0 0.0
2339.6980920000933 1.0879999999999779 -998.13 0.3153499310845173 -0.019376875777887603 1.3445661764244912 0.0 0.0
2339.6986130001023 1.7970000000000486 -998.127 0.30578617949476206 -0.01800882949918292 1.3421993915702484 0.0 0.0
2339.699140999932 0.4189999999999472 -998.1320000000001 0.29616180190443947 -0.018553947380211544 1.3398842025176554 0.0 0.0
2339.6996960001998 0.0009999999999177334 -998.136 0.286097885809991 -0.018188165981924638 1.337535112217652 0.0 0.0
2339.7002070001327 -1.4619999999999633 -998.136 0.2769736727243616 -0.018353477342096164 1.3354691546166795 0.0 0.0
2339.700716999825 0.3789999999999072 -998.128 0.26793282038951444 -0.01888568211294825 1.3334821961796084 0.0 0.0
2339.701235999819 2.442999999999973 -998.126 0.25877829430359967 -0.01973181948919389 1.331531511694267 0.0 0.0
2339.701745999977 -1.044000000000045 -998.135 0.2498283809696052 -0.021381067296154768 1.3296842743832251 0.0 0.0
2339.702258999925 -0.3809999999999647 -998.128 0.24095425013632407 -0.021356832788176506 1.32791134504818 0.0 0.0
2339.702779999934 -0.4129999999999967 -998.135 0.23202707155254276 -0.019888341141204434 1.3261869971413494 0.0 0.0
2339.703317000065 0.013000000000040757 -998.1320000000001 0.2228119194660607 -0.01991296270106372 1.3244695292695454 0.0 0.0
2339.703859999776 -1.967000000000052 -998.139 0.21364981513007544 -0.018029079781730115 1.322825139302727 0.0 0.0
2339.7043829998 2.586999999999895 -998.127 0.20494998404842757 -0.016665020213845146 1.3213222518215948 0.0 0.0
2339.704909999855 -3.129999999999966 -998.136 0.1962122617164255 -0.015019796189411221 1.3198704116398574 0.0 0.0
2339.7054209997877 2.463000000000104 -998.1229999999999 0.18779282588741128 -0.012991195152064872 1.3185262378952254 0.0 0.0
2339.705941999797 -1.234999999999986 -998.131 0.17931276405782634 -0.012862540978268847 1.3172269005842878 0.0 0.0
2339.7064559999853 -1.1710000000000331 -998.135 0.17097668897959262 -0.0036763113899517946 1.3160031074633227 0.0 0.0
2339.706972999964 3.5909999999999 -998.1179999999999 0.1627088181520001 -0.0038649218956110093 1.3148418491728031 0.0 0.0
2339.707491000183 -0.4089999999999927 -998.1320000000001 0.15446368207462077 -0.0034123969895798675 1.3137360131662736 0.0 0.0
2339.708016999997 0.11899999999998023 -998.13 0.1461730764968151 -0.0015479141514264105 1.3126768014922745 0.0 0.0
2339.7085409997962 2.3059999999999192 -998.124 0.13796583166979162 -0.003125896363294814 1.3116804385074963 0.0 0.0
2339.7090610000305 -1.5500000000000513 -998.134 0.12994046484447352 -0.002927457709803946 1.3107564908252756 0.0 0.0
2339.709575000219 0.8379999999998944 -998.129 0.12210455427093472 -0.0021703927179482505 1.3099024792764038 0.0 0.0
2339.710094000213 0.5599999999998939 -998.129 0.11422317419696955 -0.0030792040907246243 1.309091571168268 0.0 0.0
2339.7106159999967 0.39199999999994795 -998.127 0.1063417941230027 -0.001864045736893272 1.3083289505533906 0.0 0.0
2339.7111269999295 3.3639999999999226 -998.121 0.09871807455145633 -0.0013937307758240562 1.307637286671543 0.0 0.0
2339.7116450001486 0.8440000000000669 -998.131 0.09109435497990825 -0.0010137199963846585 1.306990955567669 0.0 0.0
2339.7121640001424 1.3689999999999536 -998.13 0.08349337015857337 -0.0015558391238608277 1.30639174901205 0.0 0.0
2339.7126870001666 1.3440000000000119 -998.129 0.07586207233695481 0.0038155871367368203 1.3058356153954962 0.0 0.0
2339.713212999981 -0.9099999999999664 -998.13 0.06834444826640382 0.0041389639213098225 1.3053323626820834 0.0 0.0
2339.713733000215 -0.7759999999999989 -998.133 0.06090260669656283 0.004603343354850215 1.3048778288376153 0.0 0.0
2339.714244000148 -3.623000000000043 -998.134 0.053733582129281636 0.004473471445146957 1.3044810666644147 0.0 0.0
2339.7147619999014 0.5969999999999587 -998.124 0.0464963533113626 0.004425822965739673 1.3041214862097872 0.0 0.0
2339.7153030000627 -1.4920000000000488 -998.126 0.039062089991592115 0.003637440844455428 1.3037949978014116 0.0 0.0
2339.7158240000717 5.478000000000094 -998.108 0.03186275242402725 0.0036736431627714585 1.3035202764292368 0.0 0.0
2339.71633999981 -5.116000000000009 -998.1370000000001 0.024883184108525316 0.004180141615743222 1.3032929019290602 0.0 0.0
2339.7168589998037 2.1800000000000708 -998.1139999999999 0.017918772293164378 0.004717248222785555 1.303104273332697 0.0 0.0
2339.717370999977 0.40200000000001346 -998.121 0.011075612478943175 0.003151314425340202 1.3029561633801845 0.0 0.0
2339.7178960000165 0.7099999999999884 -998.12 0.0041945614143661224 0.0031451428437126267 1.3028444608348588 0.0 0.0
2339.718410000205 -3.939000000000026 -998.134 -0.0025046116485055313 0.0031653644564335983 1.3027715831953148 0.0 0.0
2339.718923999928 0.053999999999998494 -998.126 -0.009105267460452305 0.003304932296764411 1.3027343982518065 0.0 0.0
2339.7194619998336 -1.4220000000000343 -998.131 -0.016009053275242532 0.004496362713113166 1.3027322768058989 0.0 0.0
2339.719984000083 -0.9869999999999601 -998.1320000000001 -0.022609709087189307 0.004035082140204819 1.302765405320311 0.0 0.0
2339.7204959997907 3.3360000000000056 -998.122 -0.029051221647642175 0.005072636062804406 1.3028308673289262 0.0 0.0
2339.7210169997998 -1.8599999999999728 -998.14 -0.03547757770795236 0.003923958051031691 1.3029287828975593 0.0 0.0
2339.7215339997783 0.49000000000010147 -998.128 -0.04183572951762302 0.003366044794886262 1.3030577045903546 0.0 0.0
2339.7220490002073 2.945999999999893 -998.122 -0.04804231632587028 0.003495204086708944 1.3032142876883261 0.0 0.0
2339.722573999781 0.5340000000000344 -998.127 -0.054347420385044094 0.0030016143487093284 1.3034044355406411 0.0 0.0
2339.723089999985 -3.013999999999961 -998.131 -0.060508537692864996 0.003856980124597148 1.3036204872035326 0.0 0.0
2339.7236199998297 1.7689999999999095 -998.12 -0.06676817225161077 0.002466476921470624 1.3038705958367414 0.0 0.0
2339.724142999854 -0.005000000000032756 -998.126 -0.07280045930822313 0.0016022339721956033 1.3041407890550243 0.0 0.0
2339.7246670001186 0.7070000000000132 -998.128 -0.07884032461490598 0.001764419168680996 1.304439986589705 0.0 0.0
2339.7251889999025 2.5370000000000115 -998.122 -0.08477409442059344 0.0043268296234249826 1.304761840909339 0.0 0.0
2339.7256999998353 -0.6819999999999604 -998.133 -0.0905562992248592 0.003942065595616086 1.3051020687354193 0.0 0.0
2339.7262200000696 1.371000000000011 -998.129 -0.09631576927891008 0.004900625071404083 1.3054670341963799 0.0 0.0
2339.726739999838 -2.76299999999996 -998.1370000000001 -0.10202219158246412 0.004032118279716724 1.3058542822144288 0.0 0.0
2339.7272529997863 0.6219999999999004 -998.127 -0.10762251838502278 0.0014052070692965532 1.3062591263922376 0.0 0.0
2339.7277730000205 -1.1569999999999636 -998.1379999999999 -0.11323042343765194 0.00225929718371852 1.3066891085714751 0.0 0.0
2339.728287999984 -0.7430000000000492 -998.1320000000001 -0.11869434173892986 0.0032702159745883128 1.307131694747304 0.0 0.0
2339.7288159998134 -2.4089999999999945 -998.1370000000001 -0.12425677729113267 0.003720355502782045 1.3076062078233484 0.0 0.0
2339.7293309997767 -1.6779999999999573 -998.1379999999999 -0.1296297565915579 0.004217263064535574 1.3080874749238804 0.0 0.0
2339.729853000026 0.08900000000000574 -998.133 -0.13495726639155678 0.006130564853178526 1.3085868783528085 0.0 0.0
2339.73037499981 1.9139999999999713 -998.1229999999999 -0.1402696196914113 0.006021613644873845 1.3091068562120032 0.0 0.0
2339.730893999804 -3.0440000000000467 -998.1379999999999 -0.14546072099012944 0.006275853597207143 1.3096361583441407 0.0 0.0
2339.731409000233 3.4410000000000274 -998.1229999999999 -0.1505608832879932 0.006058070955220898 1.3101765639057361 0.0 0.0
2339.7319319997914 0.5580000000000584 -998.126 -0.155706515086285 0.0056474704762639605 1.310742228513476 0.0 0.0
2339.7324520000257 1.9240000000000368 -998.128 -0.1607081601332239 0.004468700208343952 1.3113117174850955 0.0 0.0
2339.7329870001413 1.9400000000000528 -998.122 -0.16586137018158617 0.0036851896699712783 1.311918700432228 0.0 0.0
2339.7334969998337 -0.41599999999997195 -998.1320000000001 -0.1706432459764638 0.003751748411098453 1.3125002923824116 0.0 0.0
2339.7340210000984 -3.674999999999984 -998.1419999999999 -0.17550848252212364 0.004341147327673239 1.3131101244258914 0.0 0.0
2339.734538000077 1.6249999999999876 -998.13 -0.1802676235667881 0.0033882616869428325 1.3137242986146374 0.0 0.0
2339.7350579998456 1.9940000000000513 -998.127 -0.18499645161116718 0.0026162155255729028 1.314351816388306 0.0 0.0
2339.7355689997785 -1.4539999999999553 -998.14 -0.18957371465412456 0.002829586842464926 1.3149755804519312 0.0 0.0
2339.7360820001923 0.7800000000000029 -998.131 -0.1941206646967966 0.003512919180261212 1.3156111238684547 0.0 0.0
2339.7366030002013 0.7729999999999126 -998.1379999999999 -0.19862972348911276 0.0035297542412447216 1.3162570081371892 0.0 0.0
2339.73712000018 1.2030000000000651 -998.127 -0.20310846928114523 0.003543692674007705 1.316913942582778 0.0 0.0
2339.737648999784 0.7950000000001012 -998.128 -0.2075947933232499 0.003887021034206989 1.3175873448241622 0.0 0.0
2339.738164999988 2.3660000000000903 -998.121 -0.211921974113859 0.0037661942079261074 1.3182513985466173 0.0 0.0
2339.7386980000883 -0.8810000000000207 -998.1320000000001 -0.21631735915510927 0.00395231191287836 1.3189405123470428 0.0 0.0
2339.7392159998417 -1.5730000000000466 -998.1320000000001 -0.22052328794458198 0.004068474535781753 1.3196136720570855 0.0 0.0
2339.7397269997746 -1.194999999999946 -998.129 -0.22463827773320033 0.00362772845036063 1.3202852702047772 0.0 0.0
2339.7402479997836 -1.1470000000000091 -998.134 -0.22875326752181865 0.004339685119972486 1.3209696998484877 0.0 0.0
2339.7407639999874 3.058000000000005 -998.124 -0.23278489655965476 0.003688829626520781 1.3216526894558698 0.0 0.0
2339.741280000191 0.8189999999999031 -998.126 -0.23674832134685136 0.0044877018325013215 1.322336093703488 0.0 0.0
2339.741801999975 1.4089999999999936 -998.125 -0.24071174613404797 0.004445840729001744 1.3230313463284127 0.0 0.0
2339.742320999969 1.659000000000077 -998.125 -0.2445690754202475 0.004811843479767208 1.323719347094954 0.0 0.0
2339.7428460000083 -2.214999999999967 -998.1370000000001 -0.24841882645637822 0.005270561754177436 1.3244171506482512 0.0 0.0
2339.7433589999564 -1.9240000000000368 -998.1370000000001 -0.25212459074115606 0.005716934500803052 1.3250993649276994 0.0 0.0
2339.7438929998316 1.411000000000051 -998.128 -0.25592129402678654 0.006465224542614716 1.325808995793131 0.0 0.0
2339.744413000066 -3.5079999999999556 -998.144 -0.259566432310997 0.006388179849754649 1.3265004482721237 0.0 0.0
2339.744936999865 -0.160000000000049 -998.1370000000001 -0.2631433663445646 0.006012959468010446 1.3271886138792972 0.0 0.0
2339.745463000145 -1.2410000000000476 -998.1320000000001 -0.26671272212806335 0.0072745295664354975 1.327884836017713 0.0 0.0
2339.7459800001234 -1.4440000000000008 -998.1320000000001 -0.27015324766035187 0.007758431415383682 1.328564911178395 0.0 0.0
2339.746499999892 0.4049999999999887 -998.126 -0.27357861669249944 0.008428656852134814 1.3292507356303607 0.0 0.0
2339.7470120000653 0.5910000000000082 -998.125 -0.2768524207232235 0.00800261137444884 1.3299143567208513 0.0 0.0
2339.74753900012 3.1760000000000677 -998.12 -0.2801944290045872 0.008741140541500263 1.3305999997542897 0.0 0.0
2339.748058000114 4.4999999999999485 -998.113 -0.28342276353488494 0.008281203477151906 1.331270172961173 0.0 0.0
2339.748575999867 3.2719999999999416 -998.111 -0.2865904720646137 0.009309088178444822 1.331935248925098 0.0 0.0
2339.7491060001776 2.815000000000012 -998.126 -0.28975060234427025 0.00906408938248756 1.3326061132675942 0.0 0.0
2339.7496270001866 -0.22800000000000598 -998.131 -0.29280463712293314 0.009481301948288234 1.3332614477281075 0.0 0.0
2339.750153000001 -1.0759999999999659 -998.136 -0.29584351540145165 0.009493658622191654 1.3339203424158046 0.0 0.0
2339.750665000174 4.793000000000047 -998.101 -0.29871567217840744 0.009271721825334645 1.3345493257230716 0.0 0.0
2339.751197000034 4.2560000000000375 -998.121 -0.30167118970614376 0.009030083386766113 1.3352028832532246 0.0 0.0
2339.75188399991 -0.4549999999999832 -998.135 -0.3053845322409937 0.009449811622728121 1.3360330901858577 0.0 0.0
2339.752400000114 3.8679999999999826 -998.124 -0.3081127022665966 0.008968996644566844 1.3366494649129004 0.0 0.0
2339.7529330002144 -3.063000000000038 -998.145 -0.31087118529248486 0.009340942616008846 1.3372782145764348 0.0 0.0
2339.7534480001777 -0.21199999999998997 -998.141 -0.31347052506687917 0.00965190742474581 1.337875768442393 0.0 0.0
2339.7539679999463 0.5070000000000352 -998.1370000000001 -0.3160547083411308 0.009504225717471379 1.338474715737898 0.0 0.0
2339.754478999879 -0.040000000000040004 -998.136 -0.31851763961424606 0.0088581229669977 1.3390500804488392 0.0 0.0
2339.7550039999187 -2.407000000000048 -998.139 -0.32101088388764504 0.009097864947568188 1.3396370143614982 0.0 0.0
2339.755526000168 -0.8000000000000229 -998.134 -0.32342834566033224 0.008581158297293237 1.340210414215587 0.0 0.0
2339.7560410001315 -0.9259999999999824 -998.136 -0.3257624466822373 0.008265431223469066 1.3407680591747664 0.0 0.0
2339.756566999946 3.603000000000023 -998.122 -0.32806623470385865 0.008239463534430336 1.3413223276019033 0.0 0.0
2339.757079999894 -3.275000000000028 -998.1370000000001 -0.33026392722448294 0.009008868499488953 1.3418546452535125 0.0 0.0
2339.757600999903 0.02199999999996649 -998.133 -0.33245404149503677 0.009535172607706189 1.342388595592074 0.0 0.0
2339.758111000061 -0.0700000000000145 -998.135 -0.3345456385146657 0.009311981148962277 1.3429017557656637 0.0 0.0
2339.758630000055 5.832000000000059 -998.12 -0.3366069225340109 0.008682184619722033 1.343410561106689 0.0 0.0
2339.7591409999877 -1.6289999999999916 -998.144 -0.338584845802574 0.00859225454655527 1.3439016631860201 0.0 0.0
2339.7596599999815 -3.778999999999977 -998.146 -0.3405324560708517 0.008988454208868568 1.344387985518019 0.0 0.0
2339.760174999945 0.8520000000000749 -998.139 -0.3424042838384177 0.00828700683629656 1.3448579505353664 0.0 0.0
2339.7606890001334 1.5000000000000568 -998.1370000000001 -0.344230642105559 0.008380123256748723 1.3453189207791894 0.0 0.0
2339.761208000127 -3.241999999999967 -998.148 -0.3460115308722723 0.0077648090920190635 1.3457707152565959 0.0 0.0
2339.761719999835 0.4710000000001102 -998.136 -0.3477166371382739 0.009303608682700318 1.3462054110337853 0.0 0.0
2339.762232000008 -0.6300000000000194 -998.1370000000001 -0.34936869565377865 0.00935770970594662 1.3466285653017571 0.0 0.0
2339.7627579998225 0.7749999999999702 -998.131 -0.35101317591921116 0.008946133170924693 1.3470517142837917 0.0 0.0
2339.7632840001024 -3.190000000000026 -998.146 -0.3525970301840764 0.008998630201684607 1.3474610874507504 0.0 0.0
2339.7637970000505 3.233999999999959 -998.129 -0.35408994544808725 0.008604900350685077 1.3478485931429087 0.0 0.0
2339.7643099999987 -2.493999999999996 -998.146 -0.35552223471152905 0.008547754616175594 1.348221854610939 0.0 0.0
2339.7648390000686 0.5379999999999274 -998.1379999999999 -0.35694694572489866 0.008402421939382796 1.348594589480743 0.0 0.0
2339.765358999837 0.9230000000000071 -998.136 -0.35829587423755827 0.00814988308938907 1.348948828221983 0.0 0.0
2339.7658730000257 0.6379999999999164 -998.1379999999999 -0.35955386374936515 0.007823097623534142 1.3492803507365914 0.0 0.0
2339.7664009998553 -3.6720000000000086 -998.1510000000001 -0.3608118532611704 0.007648832179071821 1.3496129967986794 0.0 0.0
2339.76692500012 -0.12699999999998823 -998.139 -0.36199406027226555 0.007863069064852873 1.3499266272603552 0.0 0.0
2339.7674369998276 -2.0529999999999715 -998.145 -0.3630929065325786 0.007963484669145773 1.3502190312649456 0.0 0.0
2339.767951000016 2.1459999999999813 -998.13 -0.3641538615425357 0.0077400373599565975 1.3505021641098223 0.0 0.0
2339.7684709997848 -0.21599999999999397 -998.1370000000001 -0.3651617688019943 0.007571731032701967 1.350771878530848 0.0 0.0
2339.768982999958 1.3019999999999143 -998.135 -0.3661014718108134 0.007667174375122723 1.3510239891399676 0.0 0.0
2339.7695059999824 0.444000000000111 -998.1379999999999 -0.3670108618193471 0.0081757984118081 1.3512685617645137 0.0 0.0
2339.770033000037 -0.9660000000000224 -998.1370000000001 -0.367867204077384 0.008480875358802618 1.3514994020518611 0.0 0.0
2339.770545999985 -1.2809999999999766 -998.141 -0.3686477638347109 0.008454963734228604 1.3517102653331459 0.0 0.0
2339.7710950002074 1.2099999999999334 -998.134 -0.3694207453419639 0.008599024454123694 1.3519195053882496 0.0 0.0
2339.7716239998117 -1.5450000000000186 -998.141 -0.37011036609843634 0.008908589533860992 1.3521065363027673 0.0 0.0
2339.7721370002255 -3.3239999999999936 -998.15 -0.3707242043541971 0.009120446608274622 1.352273296622963 0.0 0.0
2339.772667999845 2.3919999999999497 -998.128 -0.37130015135960204 0.009316503160422766 1.3524300047396958 0.0 0.0
2339.773188999854 2.4729999999999475 -998.135 -0.37180789411436743 0.009247186069472654 1.3525683492817064 0.0 0.0
2339.7737110001035 -1.1550000000000171 -998.144 -0.3722625891186343 0.009209272119601056 1.3526923941339153 0.0 0.0
2339.7742329998873 -3.4450000000000314 -998.149 -0.3726642363724043 0.009431932077302179 1.352802088261894 0.0 0.0
2339.7747530001216 4.1800000000000725 -998.126 -0.3730128358756758 0.009443450333391763 1.3528973866046674 0.0 0.0
2339.7752649998292 -3.5199999999999676 -998.1510000000001 -0.37329323112830776 0.009385397043346176 1.3529741017268724 0.0 0.0
2339.7757899998687 -1.4290000000000136 -998.147 -0.3735357351305822 0.00940302087079781 1.3530404945870136 0.0 0.0
2339.7763080000877 -2.418999999999949 -998.147 -0.37371003488221877 0.009499540755464745 1.3530882400302584 0.0 0.0
2339.776823000051 -3.542999999999963 -998.149 -0.3738312868833568 0.009507472008740194 1.3531214668659453 0.0 0.0
2339.7773429998197 0.9099999999999664 -998.1419999999999 -0.37389949113399634 0.00955240990138938 1.3531401615090974 0.0 0.0
2339.777865999844 1.8180000000000973 -998.1379999999999 -0.37391464763413906 0.009562396099756246 1.3531443163189283 0.0 0.0
2339.778376999777 1.2639999999999318 -998.139 -0.3738767563837832 0.00953743060383968 1.3531339295975482 0.0 0.0
2339.778892000206 1.654999999999962 -998.1370000000001 -0.3737858173829305 0.00951092123000083 1.3531090055897153 0.0 0.0
2339.7794059999287 -1.040000000000041 -998.145 -0.3736342523815071 0.009457575588218206 1.353067478513812 0.0 0.0
2339.779926000163 1.2209999999999166 -998.143 -0.3734296396295868 0.009357154902243188 1.3530114426156268 0.0 0.0
2339.780458000023 0.5939999999999834 -998.1419999999999 -0.3731644008770975 0.009405018391671724 1.3529388473628883 0.0 0.0
2339.780970999971 -0.6429999999999492 -998.146 -0.3728536926241819 0.009476399498012253 1.352853870221038 0.0 0.0
2339.78149199998 0.8550000000000502 -998.141 -0.3724823583706972 0.009385954018306294 1.3527524013690033 0.0 0.0
2339.7820060001686 2.7850000000000374 -998.14 -0.3720655546167862 0.009166149243148375 1.3526386234765337 0.0 0.0
2339.782534999773 -1.1470000000000091 -998.149 -0.3715729683621635 0.009315279590176813 1.352504316531144 0.0 0.0
2339.783050000202 -3.5169999999999924 -998.1510000000001 -0.37104249085718494 0.009257053083524522 1.3523598695629184 0.0 0.0
2339.7835599998944 -0.6239999999999579 -998.143 -0.37046654385177835 0.009097427048165962 1.3522032660962076 0.0 0.0
2339.7840700000525 -2.803 -998.1529999999999 -0.36983754909587657 0.008736511888746912 1.3520325059301943 0.0 0.0
2339.784587999806 0.9419999999999984 -998.14 -0.3691403500893336 0.008419151373171244 1.3518435558304105 0.0 0.0
2339.78511099983 -3.179000000000043 -998.158 -0.3683825250822216 0.008642162165153552 1.3516385644927793 0.0 0.0
2339.785627000034 0.8490000000000997 -998.143 -0.36757923057468156 0.00845705659366841 1.351421716515254 0.0 0.0
2339.7861489998177 2.9719999999999747 -998.14 -0.3667077318165037 0.007941170742602421 1.3511869725909875 0.0 0.0
2339.786677000113 0.5790000000001072 -998.146 -0.3657756070577551 0.007621582326507642 1.3509364929369716 0.0 0.0
2339.7871889998205 -2.0059999999999523 -998.1529999999999 -0.36482074754879334 0.007421110638957382 1.350680541286436 0.0 0.0
2339.787705999799 1.6659999999999453 -998.1419999999999 -0.36379010553912156 0.00790375485966173 1.3504050001830643 0.0 0.0
2339.7882260000333 0.08900000000000574 -998.145 -0.36270641577895124 0.008130150717523293 1.3501160881601375 0.0 0.0
2339.788745000027 0.4249999999998977 -998.145 -0.3615621000182119 0.00788783903797903 1.3498119166016926 0.0 0.0
2339.7892620000057 -2.6770000000000405 -998.1510000000001 -0.3603798930071167 0.00769033038099666 1.3494986483476719 0.0 0.0
2339.789776999969 1.590999999999898 -998.14 -0.3591446382455246 0.007856964636652086 1.3491723827246638 0.0 0.0
2339.7902919999324 -3.1799999999999606 -998.1510000000001 -0.35785633573343406 0.008152761204660325 1.3488332600702446 0.0 0.0
2339.790808999911 -1.1799999999999589 -998.146 -0.3564922507206318 0.008346368014658887 1.348475474678089 0.0 0.0
2339.791335000191 0.3509999999999902 -998.144 -0.35505238320711946 0.00853292901078162 1.348099248088103 0.0 0.0
2339.7918469998986 1.044000000000045 -998.143 -0.3535973591934645 0.008908862884956091 1.3477205603924083 0.0 0.0
2339.792363999877 -1.8319999999999448 -998.1510000000001 -0.352089287429311 0.009132268360266128 1.3473296581672753 0.0 0.0
2339.7928860001266 -1.6319999999999668 -998.1510000000001 -0.3505054331644475 0.00887068157235283 1.3469208586091401 0.0 0.0
2339.7934019998647 2.0160000000000178 -998.14 -0.3488685311490854 0.008915967509166164 1.3465002485630355 0.0 0.0
2339.793914000038 -1.8219999999999903 -998.149 -0.3472088943835085 0.008974831794903604 1.3460757509050216 0.0 0.0
2339.7944339998066 4.388999999999976 -998.139 -0.34545831861708054 0.00782099628385563 1.345630127498689 0.0 0.0
2339.7949520000257 2.056000000000058 -998.143 -0.3436622733502246 0.008738135436643216 1.3451752091316653 0.0 0.0
2339.7954719997942 2.3480000000000167 -998.144 -0.3417980238327291 0.008267479264983044 1.3447054599566055 0.0 0.0
2339.7959839999676 -0.2750000000000252 -998.15 -0.33991103956502045 0.008873905581279644 1.3442325206300398 0.0 0.0
2339.7965049999766 1.0630000000000361 -998.149 -0.3379331162964574 0.008560663739857088 1.34373953344155 0.0 0.0
2339.7970230001956 1.2570000000000636 -998.15 -0.3359021452773975 0.009202440193673056 1.343236250555451 0.0 0.0
2339.7975389999337 -4.550999999999972 -998.163 -0.3338484395081227 0.009275671223413384 1.3427303521500153 0.0 0.0
2339.798061999958 0.0860000000000305 -998.149 -0.3316734817377116 0.009454579904058125 1.3421978981246485 0.0 0.0
2339.798570000101 0.7109999999999062 -998.15 -0.32954399346772684 0.008873947391413395 1.3416798811637127 0.0 0.0
2339.79909100011 -2.4009999999999865 -998.1569999999999 -0.3272856749465318 0.008373419715694594 1.341134102847791 0.0 0.0
2339.7996160001494 2.24700000000011 -998.146 -0.3249439956745563 0.008800834730785329 1.340572072287727 0.0 0.0
2339.800125999842 2.4420000000000552 -998.149 -0.3226326294028644 0.00839627776412133 1.3400212098691784 0.0 0.0
2339.80063899979 0.09199999999998099 -998.152 -0.32023032413031816 0.009294612275073555 1.3394527778532888 0.0 0.0
2339.8011690001003 0.4230000000000622 -998.149 -0.31771434510670604 0.008887129946602498 1.3388619385738028 0.0 0.0
2339.801688000094 0.41200000000007897 -998.148 -0.31517563133288073 0.009464286110670586 1.3382704228610696 0.0 0.0
2339.802201999817 -3.137999999999974 -998.15 -0.31262176105891276 0.00953157604443012 1.3376801074449218 0.0 0.0
2339.8027269998565 6.329000000000029 -998.119 -0.30993906053373627 0.009193579568912091 1.3370651313347872 0.0 0.0
2339.8032479998656 -0.33600000000000296 -998.1419999999999 -0.30722604700827605 0.009147429941259083 1.3364485465621092 0.0 0.0
2339.803785999771 6.192999999999893 -998.1320000000001 -0.3043690467314629 0.009186255822941101 1.3358050514686606 0.0 0.0
2339.8043030002154 2.8969999999999274 -998.14 -0.3015650942051484 0.009110775883468737 1.3351793114118795 0.0 0.0
2339.804820999969 3.686999999999996 -998.131 -0.29868535917812206 0.009271234227508324 1.3345426557579334 0.0 0.0
2339.805339000188 -2.990999999999966 -998.158 -0.2957449981505268 0.009478586995269472 1.3338988752622656 0.0 0.0
2339.805867999792 -1.9249999999999545 -998.1569999999999 -0.2927061198720083 0.009416364318771537 1.3332402007215851 0.0 0.0
2339.806383999996 1.830999999999916 -998.143 -0.2896520850933454 0.009080101657449699 1.3325850878333994 0.0 0.0
2339.8068949999288 1.4979999999999993 -998.143 -0.2866056285647564 0.009308732528897315 1.3319384489181485 0.0 0.0
2339.8074170001782 3.401999999999905 -998.145 -0.28343792003502766 0.008277344189000786 1.331273337492229 0.0 0.0
2339.8079329999164 3.0879999999999797 -998.141 -0.28023232025494305 0.008755704305713777 1.330607820912974 0.0 0.0
2339.8084459998645 -3.2999999999999696 -998.154 -0.27699640747457477 0.00810246482049308 1.3299437262830922 0.0 0.0
2339.8089689998887 0.15100000000001224 -998.146 -0.27363166444299625 0.008413421649395347 1.32926142534853 0.0 0.0
2339.809497000184 3.306000000000031 -998.1419999999999 -0.27016082591042406 0.007748150794365277 1.328566418862893 0.0 0.0
2339.810018000193 1.1900000000000244 -998.146 -0.2667051438779929 0.007273186054722967 1.327883347781409 0.0 0.0
2339.810541999992 1.1520000000000419 -998.148 -0.26316610109477945 0.006024292773924363 1.3271930183549614 0.0 0.0
2339.811063000001 -1.570999999999989 -998.1560000000001 -0.259566432310997 0.006388179849754649 1.3265004482721237 0.0 0.0
2339.811573000159 1.8009999999999415 -998.149 -0.2559819200273556 0.00645921809831973 1.325820414772174 0.0 0.0
2339.8120860001072 3.1159999999998966 -998.149 -0.25234435999321897 0.0058596649763496544 1.32514014692183 0.0 0.0
2339.8125990000553 -1.8359999999999488 -998.162 -0.24864617395851166 0.005420425125093886 1.3244587076140995 0.0 0.0
2339.813124000095 0.3789999999999072 -998.154 -0.24478884467231043 0.004538063022601194 1.3237588825888997 0.0 0.0
2339.813637000043 -0.8679999999999799 -998.161 -0.24097698488653727 0.004491284575516993 1.323078296280847 0.0 0.0
2339.814147999976 2.3859999999999992 -998.146 -0.23711207735026554 0.00451633394099597 1.3223994092104208 0.0 0.0
2339.8146589999087 1.3289999999999136 -998.152 -0.23320927856363796 0.0035816501370365753 1.3217252977053013 0.0 0.0
2339.8151679998264 -1.870999999999956 -998.159 -0.22925343202651355 0.004103443339424875 1.3210537638333364 0.0 0.0
2339.8156779999845 -1.0489999999999666 -998.159 -0.22521422473860525 0.003667075952324239 1.3203802933121567 0.0 0.0
2339.8162010000087 1.7490000000000006 -998.149 -0.22103103069934738 0.004110025984935262 1.319695844981939 0.0 0.0
2339.816724999808 0.17299999999997873 -998.158 -0.21677963240944834 0.00392399279545369 1.3190138419327504 0.0 0.0
2339.817234999966 0.4390000000000782 -998.154 -0.21256612536990513 0.0035366923959508356 1.318351470135902 0.0 0.0
2339.8177539999597 1.6130000000000866 -998.1529999999999 -0.20823136632922387 0.004157907736460548 1.3176841388868763 0.0 0.0
2339.8182780002244 -1.5889999999999516 -998.1600000000001 -0.20376777703733404 0.003545574434218421 1.3170119426098512 0.0 0.0
2339.818797000218 -3.013999999999961 -998.167 -0.19931176599551473 0.00302172907358797 1.316356059310943 0.0 0.0
2339.819321999792 1.7840000000000078 -998.1560000000001 -0.19473450295255734 0.003490120033960091 1.31569813585344 0.0 0.0
2339.8198520001024 1.959000000000044 -998.155 -0.19009661390903096 0.0032547858487425863 1.3150478614345382 0.0 0.0
2339.8203630000353 3.174999999999928 -998.15 -0.1854890378657899 0.002268702260822965 1.3144181710044287 0.0 0.0
2339.8208789997734 3.0920000000000947 -998.1529999999999 -0.18082841407205033 0.003483448635887551 1.313797817317314 0.0 0.0
2339.821401000023 1.255000000000006 -998.1560000000001 -0.17600864702681854 0.00436631266256134 1.3131738514098594 0.0 0.0
2339.8219099999405 1.5799999999999148 -998.1560000000001 -0.1713252884828658 0.003777381340358002 1.3125846830729668 0.0 0.0
2339.8224229998887 -1.7810000000000326 -998.166 -0.16647520843734695 0.004074133357640751 1.311992370476455 0.0 0.0
2339.8229419998825 0.5020000000000024 -998.1600000000001 -0.16150387639069175 0.004223074849210819 1.3114041026192838 0.0 0.0
2339.8234549998306 0.9689999999999976 -998.158 -0.15657043559439238 0.005533466941557992 1.3108392112936966 0.0 0.0
2339.823967000004 -0.0820000000000265 -998.1600000000001 -0.15158394704759448 0.005956367970441606 1.3102873959068113 0.0 0.0
2339.824488000013 -1.1750000000000371 -998.162 -0.14646104999951756 0.00603553728284837 1.3097405603838406 0.0 0.0
2339.825006000232 1.0110000000000952 -998.154 -0.1412699487007994 0.0065733354867714144 1.3092072245047301 0.0 0.0
2339.8255230002105 -0.6220000000000114 -998.1640000000001 -0.13601822140151223 0.005965175086839705 1.3086889711649283 0.0 0.0
2339.826040000189 -2.84300000000004 -998.165 -0.1307058681016577 0.0044925423837658685 1.3081865686140008 0.0 0.0
2339.8265519998968 -2.886999999999973 -998.169 -0.1254162495520147 0.0036590341244501293 1.3077081592083821 0.0 0.0
2339.8270609998144 -1.418999999999948 -998.163 -0.12005842675173214 0.0028985388549388896 1.3072458253275532 0.0 0.0
2339.8275810000487 -0.4110000000000502 -998.162 -0.11456419545017055 0.002923427993092975 1.306794994145374 0.0 0.0
2339.828096000012 -1.6100000000000003 -998.168 -0.10900933814803823 0.0018474766766536505 1.3063631705672405 0.0 0.0
2339.828617000021 0.8060000000000844 -998.155 -0.10337869834519589 0.003590881783748223 1.3059500898237906 0.0 0.0
2339.829133000225 5.584000000000033 -998.144 -0.09769501079185504 0.005562593565759229 1.3055582936692751 0.0 0.0
2339.8296710001305 2.1050000000000235 -998.155 -0.09170819323566903 0.004442663270287514 1.3051729805863086 0.0 0.0
2339.8301929999143 -1.8580000000000263 -998.165 -0.08588809718104912 0.0045715451526224735 1.304825348480343 0.0 0.0
2339.8307059998624 3.94300000000003 -998.1510000000001 -0.0800073751258585 0.0013958877247131976 1.3045011038473524 0.0 0.0
2339.8312499998137 -2.5370000000000115 -998.17 -0.07380836656768174 0.0018896213429203021 1.3041887245231776 0.0 0.0
2339.8317610002123 -1.8730000000000135 -998.168 -0.06788975326213695 0.0020686790718489542 1.3039186666533895 0.0 0.0
2339.8322820002213 -1.635000000000053 -998.168 -0.06172863595431436 0.0036686855635990386 1.3036668175593606 0.0 0.0
2339.832804000005 -1.4999999999999458 -998.168 -0.05559025339670663 0.0032828049054999357 1.3034456112328496 0.0 0.0
2339.833314999938 -0.46000000000001595 -998.168 -0.04943671433895623 0.0029378713858720755 1.3032536423564927 0.0 0.0
2339.833825999871 -1.1919999999999709 -998.162 -0.04325286228092215 0.003869064019331521 1.303090782177036 0.0 0.0
2339.834338000044 0.6189999999999252 -998.159 -0.0369629147218927 0.004027279564104178 1.3029560474454924 0.0 0.0
2339.834857999813 -0.6920000000000259 -998.169 -0.030559293411795682 0.005003004599537212 1.3028509206781786 0.0 0.0
2339.8353740000166 0.4550000000000942 -998.17 -0.02409504610112964 0.004113330874161277 1.3027775969797182 0.0 0.0
2339.8358950000256 0.48000000000003595 -998.169 -0.017570172789894572 0.004862816423330296 1.302737009142826 0.0 0.0
2339.836412999779 -3.3879999999999466 -998.1790000000001 -0.010977095228018296 0.0037887111660663093 1.3027301081044382 0.0 0.0
2339.836941000074 5.22800000000001 -998.152 -0.004133935413797095 0.0036101805576857797 1.3027592098238014 0.0 0.0
2339.8374540000223 0.23599999999990295 -998.167 0.0025046116485055313 0.003315817109511246 1.3028227383272937 0.0 0.0
2339.837975999806 -2.658999999999967 -998.1759999999999 0.009393240963154765 0.0033315024203933044 1.302925404668484 0.0 0.0
2339.838500000071 0.14899999999995472 -998.1719999999999 0.016350074528443524 0.00437111857963993 1.3030670601610725 0.0 0.0
2339.839015999809 -1.330999999999971 -998.173 0.023284173343519107 0.004176421097490933 1.3032462132502072 0.0 0.0
2339.8395409998484 0.18300000000004424 -998.173 0.0303774154100886 0.003563138895023331 1.303468674797099 0.0 0.0
2339.840065999888 2.4370000000000225 -998.168 0.03753886172729762 0.003377836561069952 1.3037334698971763 0.0 0.0
2339.8405800000764 1.5089999999999826 -998.173 0.04457147779329808 0.003838591799459813 1.3040327813219583 0.0 0.0
2339.8411059998907 1.036000000000037 -998.1750000000001 0.051975428112781524 0.004050843991721856 1.304389927636151 0.0 0.0
2339.841647000052 -2.5209999999999955 -998.183 0.05954609993383274 0.004672459297180888 1.3047996587395447 0.0 0.0
2339.8421590002254 -0.8810000000000207 -998.1790000000001 0.06678332875175177 0.004346462692298544 1.3052334115576247 0.0 0.0
2339.842670999933 2.4210000000000065 -998.171 0.0741872790712369 0.003916926773254434 1.3057196657084085 0.0 0.0
2339.843202000018 -3.622000000000014 -998.188 0.08187920289342449 -0.0019212776807824433 1.3062703153127637 0.0 0.0
2339.8437250000425 1.462999999999992 -998.173 0.0895332354652579 -0.0010792996993414447 1.3068642035023816 0.0 0.0
2339.8442440000363 -4.670999999999981 -998.184 0.09714937678673378 -0.0007769711963744735 1.3075005875337746 0.0 0.0
2339.844761000015 -3.967000000000054 -998.188 0.10484130060892137 -0.002065332667536104 1.3081892381167963 0.0 0.0
2339.8452750002034 0.12999999999996348 -998.1790000000001 0.11260142868174848 -0.002772607512480601 1.3089306986899132 0.0 0.0
2339.8457829998806 -2.3170000000000135 -998.187 0.12021757000322605 -0.00278258890469438 1.309703937297956 0.0 0.0
2339.846305999905 1.4520000000000088 -998.1719999999999 0.12822778032839977 -0.002695249976490649 1.3105657666469286 0.0 0.0
2339.8468309999444 -3.797999999999968 -998.184 0.1363137731542869 -0.003015364659897775 1.3114861677739593 0.0 0.0
2339.847345000133 -2.3560000000000247 -998.182 0.14436187472981646 -0.001454016744324993 1.3124524506393485 0.0 0.0
2339.847860999871 -1.044000000000045 -998.18 0.15247060230591672 -0.002389856796001226 1.3134765443884135 0.0 0.0
2339.848371999804 0.11999999999989797 -998.174 0.16053386038158898 -0.004240120254093519 1.3145450742150289 0.0 0.0
2339.8488850002177 -1.5880000000000338 -998.1759999999999 0.168794152959111 -0.0037299868080107007 1.3156914736187137 0.0 0.0
2339.84939499991 0.6669999999999732 -998.171 0.17700139778613447 -0.013459545757055241 1.3168822567858045 0.0 0.0
2339.849905999843 2.594999999999903 -998.166 0.18528442511386964 -0.013114492216766815 1.318136188567607 0.0 0.0
2339.8504389999434 -2.607000000000026 -998.184 0.19405246044615707 -0.013680453801325581 1.31952046273063 0.0 0.0
2339.850963000208 -0.9190000000000031 -998.178 0.2027219785275179 -0.016367124265705954 1.320946561480425 0.0 0.0
2339.851495000068 0.9900000000000464 -998.1719999999999 0.21164157886122703 -0.018394141305601516 1.3224731489217207 0.0 0.0
2339.8520129998215 -2.986999999999962 -998.186 0.2203414099428749 -0.018982860081673658 1.324019914485583 0.0 0.0
2339.8525629998185 -0.3790000000000182 -998.1790000000001 0.22972328353092142 -0.019903760479744043 1.3257516678483032 0.0 0.0
2339.853087000083 3.17400000000001 -998.166 0.23870350986520125 -0.021448306364127114 1.3274709934124589 0.0 0.0
